 <pre>

 Contingency table for Low clouds (octas)
 Selection: ALL    143 stations
Period: 20200203-20200217
Used {00} + 01 02 ... 24
 Limits    1.00000000       2.00000000       3.00000000       4.00000000       5.00000000       6.00000000       7.00000000    
 Each class is data <= limit, the very last > last limit
 Total number of values       41661
                                              OBSERVATION
                                   4950     1250     1070      842      673      590      895      488 |     10758
                                    566      292      259      210      209      193      274      133 |      2136
                                    426      200      194      177      147      160      233       80 |      1617
                       OCND2_T      312      186      197      162      174      165      195       83 |      1474
                                    321      178      182      185      137      154      234       90 |      1481
                                    389      207      208      209      183      174      290      106 |      1766
                                    436      306      340      285      296      295      462      202 |      2622
                                   1569     1783     1916     1915     2091     2550     5042     2941 |     19807

                    SUM            8969     4402     4366     3985     3910     4281     7625     4123 |     41661
                                              OBSERVATION
                                   5078     1300     1151      917      770      654      947      459 |     11276
                                    665      328      300      258      217      229      330      136 |      2463
                                    552      285      258      205      204      173      307      142 |      2126
                       OCND2_F      394      236      216      217      201      190      296      116 |      1866
                                    308      218      243      185      174      192      294       91 |      1705
                                    337      233      243      234      208      211      338      110 |      1914
                                    431      333      322      298      302      323      510      194 |      2713
                                   1204     1469     1633     1671     1834     2309     4603     2875 |     17598

                    SUM            8969     4402     4366     3985     3910     4281     7625     4123 |     41661

