 <pre>

 Contingency table for Cloud base (m)
 Selection: ALL    143 stations
Period: 20200203-20200217
Used {12} + 03 06 09 12 15 18 21 24
 Limits    70.0000000       150.000000       300.000000       600.000000       1000.00000       1500.00000       2500.00000       5000.00000    
 Each class is data <= limit, the very last > last limit
 Total number of values       12932
                                                       OBSERVATION
                                     75       71       40       20       11        7        2        3        5 |       234
                                     31      108      100       45       11        3        3        1        1 |       303
                                     24      122      323      288       37       28        1        4        1 |       828
                                     18       50      300     1101      563      181       43       34       19 |      2309
                       OCND2_T        7       23       81      508     1081      515       64      105       55 |      2439
                                      2       12       54      217      415      444       52       86       41 |      1323
                                      1        9       39      135      191      204       61       54       12 |       706
                                      0        7       36      189      219      246      100      198       28 |      1023
                                     86       39      138      567     1058      781      128      422      548 |      3767

                    SUM             244      441     1111     3070     3586     2409      454      907      710 |     12932
                                                       OBSERVATION
                                     84       79       58       45       20       19        8        6       10 |       329
                                     34      117       92       80       19       17        5        6        2 |       372
                                     21      113      335      315       78       41        5       10        5 |       923
                                     16       44      260      967      491      172       35       41       25 |      2051
                       OCND2_F        6       19       71      434      873      420       52       92       41 |      2008
                                      2       12       57      174      311      303       31       40       23 |       953
                                      0        7       26      118      134      143       39       38        7 |       512
                                      2        8       63      315      412      378      128      281       67 |      1654
                                     79       42      149      622     1248      916      151      393      530 |      4130

                    SUM             244      441     1111     3070     3586     2409      454      907      710 |     12932

