 <pre>

 Contingency table for Low clouds (octas)
 Selection: ALL    143 stations
Period: 20200203-20200217
Used {00,12} + 01 02 ... 24
 Limits    1.00000000       2.00000000       3.00000000       4.00000000       5.00000000       6.00000000       7.00000000    
 Each class is data <= limit, the very last > last limit
 Total number of values       83237
                                              OBSERVATION
                                   9832     2423     2104     1647     1364     1228     1730      944 |     21272
                                   1130      540      524      433      406      351      528      240 |      4152
                                    852      398      422      358      319      314      444      181 |      3288
                       OCND2_T      654      387      401      307      298      320      452      168 |      2987
                                    665      367      384      344      278      284      449      192 |      2963
                                    740      457      428      408      367      351      555      209 |      3515
                                    927      623      620      577      585      559      904      389 |      5184
                                   3150     3607     3825     3889     4211     5144    10148     5902 |     39876

                    SUM           17950     8802     8708     7963     7828     8551    15210     8225 |     83237
                                              OBSERVATION
                                  10058     2552     2336     1815     1505     1335     1873      877 |     22351
                                   1380      638      574      495      481      443      625      273 |      4909
                                   1075      568      530      412      404      373      614      277 |      4253
                       OCND2_F      793      447      459      450      374      391      593      212 |      3719
                                    648      459      479      384      369      381      596      190 |      3506
                                    630      479      461      435      406      399      656      239 |      3705
                                    849      650      601      544      585      606     1010      411 |      5256
                                   2517     3009     3268     3428     3704     4623     9243     5746 |     35538

                    SUM           17950     8802     8708     7963     7828     8551    15210     8225 |     83237

