 <pre>

 Contingency table for Low clouds (octas)
 Selection: Ireland     27 stations
Period: 20200203-20200217
Used {12} + 01 02 ... 24
 Limits    1.00000000       2.00000000       3.00000000       4.00000000       5.00000000       6.00000000       7.00000000    
 Each class is data <= limit, the very last > last limit
 Total number of values        8706
                                              OBSERVATION
                                    816      211      222      155      174      159      278      130 |      2145
                                     90       51       46       67       43       32       78       28 |       435
                                     79       29       56       44       36       34       61       29 |       368
                       OCND2_T       68       39       36       31       24       32       77       11 |       318
                                     58       32       41       37       37       36       59       32 |       332
                                     65       42       56       43       46       48       82       19 |       401
                                    103       60       57       71       63       56      148       50 |       608
                                    304      279      315      307      355      423     1384      732 |      4099

                    SUM            1583      743      829      755      778      820     2167     1031 |      8706
                                              OBSERVATION
                                    814      212      247      189      180      150      313      120 |      2225
                                    117       58       64       58       49       49       90       40 |       525
                                     90       62       52       36       41       57       92       32 |       462
                       OCND2_F       71       31       38       47       38       46       84       22 |       377
                                     70       44       53       48       42       38       98       21 |       414
                                     64       41       43       46       41       43       90       31 |       399
                                     75       59       64       58       64       62      170       66 |       618
                                    282      236      268      273      323      375     1230      699 |      3686

                    SUM            1583      743      829      755      778      820     2167     1031 |      8706

