 <pre>

 Contingency table for Low clouds (octas)
 Selection: Ireland     27 stations
Period: 20200203-20200217
Used {00,12} + 01 02 ... 24
 Limits    1.00000000       2.00000000       3.00000000       4.00000000       5.00000000       6.00000000       7.00000000    
 Each class is data <= limit, the very last > last limit
 Total number of values       17391
                                              OBSERVATION
                                   1653      430      430      337      333      273      539      235 |      4230
                                    194      107       96      109       83       76      163       62 |       890
                                    153       62      100       86       63       77      135       45 |       721
                       OCND2_T      127       78       74       61       60       73      134       28 |       635
                                    116       61       86       83       70       78      134       57 |       685
                                    133       78       93       86       94       89      161       49 |       783
                                    196      114      135      136      133      140      289      114 |      1257
                                    630      574      650      608      697      827     2746     1458 |      8190

                    SUM            3202     1504     1664     1506     1533     1633     4301     2048 |     17391
                                              OBSERVATION
                                   1670      430      479      375      346      290      600      230 |      4420
                                    228      122      129      109       83       99      188       77 |      1035
                                    199      116       97       77       88       86      185       73 |       921
                       OCND2_F      152       77       83       91       84       94      171       47 |       799
                                    130       89      107       95       77       80      182       43 |       803
                                    120       91       93      109       88       94      190       66 |       851
                                    164      114      132      109      144      146      330      121 |      1260
                                    539      465      544      541      623      744     2455     1391 |      7302

                    SUM            3202     1504     1664     1506     1533     1633     4301     2048 |     17391

