 <pre>

 Contingency table for Cloud base (m)
 Selection: ALL    143 stations
Period: 20200203-20200217
Used {00} + 03 06 09 12 15 18 21 24
 Limits    70.0000000       150.000000       300.000000       600.000000       1000.00000       1500.00000       2500.00000       5000.00000    
 Each class is data <= limit, the very last > last limit
 Total number of values       12929
                                                       OBSERVATION
                                     90       75       57       20       13        7        0        1        8 |       271
                                     29       96       89       50        7        6        3        1        1 |       282
                                     30      124      302      243       48       23        4        4        3 |       781
                                     19       59      302     1090      518      177       41       38       16 |      2260
                       OCND2_T        6       18       80      493     1045      521       65       98       49 |      2375
                                      2       10       61      204      427      496       47       76       43 |      1366
                                      1       10       43      141      208      222       70       61       10 |       766
                                      3        9       50      166      224      204       91      186       28 |       961
                                     65       44      125      581     1093      840      123      432      564 |      3867

                    SUM             245      445     1109     2988     3583     2496      444      897      722 |     12929
                                                       OBSERVATION
                                    101       86       70       50       26       19        7        8        9 |       376
                                     27      102       86       53       21       18        5        1        3 |       316
                                     31      121      319      281       68       33        3        7        4 |       867
                                     14       41      264      965      497      154       30       36       24 |      2025
                       OCND2_F        3       17       69      431      859      445       48       68       39 |      1979
                                      4       12       58      165      319      348       48       40       35 |      1029
                                      0       10       36      109      126      147       39       49        5 |       521
                                      5       12       81      305      431      349      121      271       49 |      1624
                                     60       44      126      629     1236      983      143      417      554 |      4192

                    SUM             245      445     1109     2988     3583     2496      444      897      722 |     12929

