 <pre>

 Contingency table for Cloud cover (octas)
 Selection: ALL     32 stations
Period: 20200203-20200217
Used {00,12} + 01 02 ... 24
 Limits   0.500000000       1.50000000       2.50000000       3.50000000       4.50000000       5.50000000       6.50000000       7.50000000    
 Each class is data <= limit, the very last > last limit
 Total number of values       13865
                                                       OBSERVATION
                                    343      602      219      189       79      103      104      111       61 |      1811
                                     43      135      105      102       75       77       83       76       35 |       731
                                     21       66       60       76       47       48       59       72       31 |       480
                                      7       53       51       58       53       44       52       68       38 |       424
                       OCND2_T       15       45       39       52       35       48       47       57       20 |       358
                                     12       33       45       49       42       39       52       86       25 |       383
                                     16       54       60       64       47       70       81      116       38 |       546
                                     24       58       79       89       62      104      120      221       81 |       838
                                     50      188      246      379      379      520      983     2922     2627 |      8294

                    SUM             531     1234      904     1058      819     1053     1581     3729     2956 |     13865
                                                       OBSERVATION
                                    300      516      175      138       67       64       78       78       48 |      1464
                                     60      135       90      111       54       63       63       79       24 |       679
                                     28      104       77       75       50       59       61       65       28 |       547
                                     20       60       60       60       53       49       57       63       35 |       457
                       OCND2_F       13       39       42       50       32       39       48       68       35 |       366
                                     13       44       45       39       37       46       54       92       26 |       396
                                     10       47       46       67       36       67       64      102       37 |       476
                                     23       58       81       72       66       66       94      172       63 |       695
                                     64      231      288      446      424      600     1062     3010     2660 |      8785

                    SUM             531     1234      904     1058      819     1053     1581     3729     2956 |     13865

