 <pre>

 Contingency table for Low clouds (octas)
 Selection: Ireland     27 stations
Period: 20200203-20200217
Used {00} + 01 02 ... 24
 Limits    1.00000000       2.00000000       3.00000000       4.00000000       5.00000000       6.00000000       7.00000000    
 Each class is data <= limit, the very last > last limit
 Total number of values        8685
                                              OBSERVATION
                                    837      219      208      182      159      114      261      105 |      2085
                                    104       56       50       42       40       44       85       34 |       455
                                     74       33       44       42       27       43       74       16 |       353
                       OCND2_T       59       39       38       30       36       41       57       17 |       317
                                     58       29       45       46       33       42       75       25 |       353
                                     68       36       37       43       48       41       79       30 |       382
                                     93       54       78       65       70       84      141       64 |       649
                                    326      295      335      301      342      404     1362      726 |      4091

                    SUM            1619      761      835      751      755      813     2134     1017 |      8685
                                              OBSERVATION
                                    856      218      232      186      166      140      287      110 |      2195
                                    111       64       65       51       34       50       98       37 |       510
                                    109       54       45       41       47       29       93       41 |       459
                       OCND2_F       81       46       45       44       46       48       87       25 |       422
                                     60       45       54       47       35       42       84       22 |       389
                                     56       50       50       63       47       51      100       35 |       452
                                     89       55       68       51       80       84      160       55 |       642
                                    257      229      276      268      300      369     1225      692 |      3616

                    SUM            1619      761      835      751      755      813     2134     1017 |      8685

