 <pre>

 Contingency table for Cloud cover (octas)
 Selection: ALL     32 stations
Period: 20200203-20200217
Used {12} + 01 02 ... 24
 Limits   0.500000000       1.50000000       2.50000000       3.50000000       4.50000000       5.50000000       6.50000000       7.50000000    
 Each class is data <= limit, the very last > last limit
 Total number of values        6923
                                                       OBSERVATION
                                    185      321      101       89       41       49       55       53       37 |       931
                                     21       68       53       52       41       41       41       37       17 |       371
                                     11       30       27       35       22       23       26       36       16 |       226
                                      4       24       24       31       31       24       19       33       18 |       208
                       OCND2_T        8       18       22       28       13       22       28       28       12 |       179
                                      4       24       24       23       14       13       17       44        7 |       170
                                      6       18       27       38       20       31       42       61       20 |       263
                                      9       25       48       46       23       52       64       92       35 |       394
                                     20       96      122      184      201      274      507     1479     1298 |      4181

                    SUM             268      624      448      526      406      529      799     1863     1460 |      6923
                                                       OBSERVATION
                                    157      260       82       63       39       30       32       44       25 |       732
                                     33       64       44       58       38       33       30       37       12 |       349
                                     14       54       36       35       21       26       36       28       17 |       267
                                     10       29       33       30       25       19       28       32       10 |       216
                       OCND2_F       10       17       20       28       21       17       24       38        8 |       183
                                      7       24       31       17       16       26       30       49       18 |       218
                                      4       27       23       36       17       36       35       52       18 |       248
                                      6       31       42       38       27       27       51       69       28 |       319
                                     27      118      137      221      202      315      533     1514     1324 |      4391

                    SUM             268      624      448      526      406      529      799     1863     1460 |      6923

