 <pre>

 Contingency table for Low clouds (octas)
 Selection: ALL    143 stations
Period: 20200203-20200217
Used {12} + 01 02 ... 24
 Limits    1.00000000       2.00000000       3.00000000       4.00000000       5.00000000       6.00000000       7.00000000    
 Each class is data <= limit, the very last > last limit
 Total number of values       41576
                                              OBSERVATION
                                   4882     1173     1034      805      691      638      835      456 |     10514
                                    564      248      265      223      197      158      254      107 |      2016
                                    426      198      228      181      172      154      211      101 |      1671
                       OCND2_T      342      201      204      145      124      155      257       85 |      1513
                                    344      189      202      159      141      130      215      102 |      1482
                                    351      250      220      199      184      177      265      103 |      1749
                                    491      317      280      292      289      264      442      187 |      2562
                                   1581     1824     1909     1974     2120     2594     5106     2961 |     20069

                    SUM            8981     4400     4342     3978     3918     4270     7585     4102 |     41576
                                              OBSERVATION
                                   4980     1252     1185      898      735      681      926      418 |     11075
                                    715      310      274      237      264      214      295      137 |      2446
                                    523      283      272      207      200      200      307      135 |      2127
                       OCND2_F      399      211      243      233      173      201      297       96 |      1853
                                    340      241      236      199      195      189      302       99 |      1801
                                    293      246      218      201      198      188      318      129 |      1791
                                    418      317      279      246      283      283      500      217 |      2543
                                   1313     1540     1635     1757     1870     2314     4640     2871 |     17940

                    SUM            8981     4400     4342     3978     3918     4270     7585     4102 |     41576

