 <pre>

 Contingency table for Cloud base (m)
 Selection: ALL    143 stations
Period: 20200203-20200217
Used {00,12} + 03 06 09 12 15 18 21 24
 Limits    70.0000000       150.000000       300.000000       600.000000       1000.00000       1500.00000       2500.00000       5000.00000    
 Each class is data <= limit, the very last > last limit
 Total number of values       25861
                                                       OBSERVATION
                                    165      146       97       40       24       14        2        4       13 |       505
                                     60      204      189       95       18        9        6        2        2 |       585
                                     54      246      625      531       85       51        5        8        4 |      1609
                                     37      109      602     2191     1081      358       84       72       35 |      4569
                       OCND2_T       13       41      161     1001     2126     1036      129      203      104 |      4814
                                      4       22      115      421      842      940       99      162       84 |      2689
                                      2       19       82      276      399      426      131      115       22 |      1472
                                      3       16       86      355      443      450      191      384       56 |      1984
                                    151       83      263     1148     2151     1621      251      854     1112 |      7634

                    SUM             489      886     2220     6058     7169     4905      898     1804     1432 |     25861
                                                       OBSERVATION
                                    185      165      128       95       46       38       15       14       19 |       705
                                     61      219      178      133       40       35       10        7        5 |       688
                                     52      234      654      596      146       74        8       17        9 |      1790
                                     30       85      524     1932      988      326       65       77       49 |      4076
                       OCND2_F        9       36      140      865     1732      865      100      160       80 |      3987
                                      6       24      115      339      630      651       79       80       58 |      1982
                                      0       17       62      227      260      290       78       87       12 |      1033
                                      7       20      144      620      843      727      249      552      116 |      3278
                                    139       86      275     1251     2484     1899      294      810     1084 |      8322

                    SUM             489      886     2220     6058     7169     4905      898     1804     1432 |     25861

